Sl no.,District Name,Market Name,Commodity,Variety,Grade,Min Price (Rs./Quintal),Max Price (Rs./Quintal),Modal Price (Rs./Quintal),Price Date
1,Sholapur,Akluj,Maize,Yellow,FAQ,1350,1350,1350,22-Jul-20
2,Sholapur,Akluj,Maize,Yellow,FAQ,1300,1300,1300,15-Jul-20
3,Sholapur,Akluj,Maize,Yellow,FAQ,1350,1350,1350,13-Jul-20
4,Sholapur,Akluj,Maize,Yellow,FAQ,1300,1300,1300,10-Jul-20
5,Sholapur,Akluj,Maize,Yellow,FAQ,1360,1360,1360,2-Jul-20
6,Sholapur,Akluj,Maize,Yellow,FAQ,1300,1300,1300,1-Jul-20
7,Sholapur,Akluj,Maize,Yellow,FAQ,1400,1400,1400,25-Jun-20
8,Sholapur,Akluj,Maize,Yellow,FAQ,1375,1375,1375,24-Jun-20
9,Sholapur,Akluj,Maize,Yellow,FAQ,1300,1300,1300,20-Jun-20
10,Sholapur,Akluj,Maize,Yellow,FAQ,1400,1400,1400,19-Jun-20
11,Sholapur,Akluj,Maize,Yellow,FAQ,1350,1350,1350,18-Jun-20
12,Sholapur,Akluj,Maize,Yellow,FAQ,1280,1300,1280,26-May-20
13,Sholapur,Akluj,Maize,Yellow,FAQ,1250,1250,1250,21-May-20
14,Sholapur,Akluj,Maize,Yellow,FAQ,1280,1300,1300,16-May-20
15,Sholapur,Akluj,Maize,Yellow,FAQ,1225,1325,1300,14-May-20
16,Sholapur,Akluj,Maize,Yellow,FAQ,1330,1330,1330,11-May-20
17,Sholapur,Akluj,Maize,Yellow,FAQ,1300,1300,1300,6-May-20
18,Sholapur,Akluj,Maize,Other,FAQ,1400,1500,1450,18-Apr-20
19,Sholapur,Akluj,Maize,Yellow,FAQ,1700,1700,1700,4-Mar-20
20,Sholapur,Akluj,Maize,Yellow,FAQ,1630,1630,1630,24-Feb-20
21,Sholapur,Akluj,Maize,Yellow,FAQ,1735,1735,1735,20-Feb-20
22,Sholapur,Akluj,Maize,Yellow,FAQ,1680,1750,1709,13-Feb-20
23,Sholapur,Akluj,Maize,Yellow,FAQ,1680,1750,1700,12-Feb-20
24,Sholapur,Akluj,Maize,Yellow,FAQ,1900,1900,1900,6-Feb-20
25,Sholapur,Akluj,Maize,Yellow,FAQ,1830,1930,1890,5-Feb-20
26,Sholapur,Akluj,Maize,Yellow,FAQ,1780,1800,1800,30-Jan-20
27,Sholapur,Akluj,Maize,Yellow,FAQ,1850,1900,1870,23-Jan-20
28,Sholapur,Akluj,Maize,Yellow,FAQ,1850,1965,1900,22-Jan-20
29,Sholapur,Akluj,Maize,Yellow,FAQ,1900,1940,1910,17-Jan-20
30,Sholapur,Akluj,Maize,Other,FAQ,1900,1940,1910,16-Jan-20
31,Sholapur,Akluj,Maize,Yellow,FAQ,1900,1900,1900,10-Jan-20
32,Sholapur,Akluj,Maize,Yellow,FAQ,1900,1900,1900,8-Jan-20
33,Sholapur,Akluj,Maize,Yellow,FAQ,1940,1940,1940,6-Jan-20
34,Sholapur,Akluj,Maize,Yellow,FAQ,1900,1970,1950,31-Dec-19
35,Sholapur,Akluj,Maize,Yellow,FAQ,1950,1950,1950,28-Dec-19
36,Sholapur,Akluj,Maize,Yellow,FAQ,1950,2000,1950,26-Dec-19
37,Sholapur,Akluj,Maize,Yellow,FAQ,1950,1980,1970,21-Dec-19
38,Sholapur,Akluj,Maize,Yellow,FAQ,1950,1950,1950,19-Dec-19
39,Sholapur,Akluj,Maize,Yellow,FAQ,1900,1950,1925,18-Dec-19
40,Sholapur,Akluj,Maize,Yellow,FAQ,1900,1900,1900,13-Dec-19
41,Sholapur,Akluj,Maize,Yellow,FAQ,1900,1950,1900,11-Dec-19
42,Sholapur,Akluj,Maize,Other,FAQ,1900,1900,1900,9-Dec-19
43,Sholapur,Akluj,Maize,Yellow,FAQ,1800,1800,1800,7-Dec-19
44,Sholapur,Akluj,Maize,Other,FAQ,1775,1775,1775,5-Dec-19
45,Sholapur,Akluj,Maize,Other,FAQ,1800,1950,1875,4-Dec-19
46,Sholapur,Akluj,Maize,Yellow,FAQ,1800,1800,1800,7-Nov-19
47,Sholapur,Akluj,Maize,Yellow,FAQ,2300,2300,2300,6-Nov-19
48,Sholapur,Akluj,Maize,Yellow,FAQ,2400,2400,2400,17-Oct-19
49,Sholapur,Akluj,Maize,Yellow,FAQ,2400,2400,2400,15-Oct-19
50,Sholapur,Akluj,Maize,Yellow,FAQ,2450,2450,2450,11-Oct-19
51,Sholapur,Akluj,Maize,Yellow,FAQ,2241,2241,2241,30-Jul-19
52,Sholapur,Akluj,Maize,Yellow,FAQ,2300,2300,2300,24-Jul-19
53,Sholapur,Akluj,Maize,Yellow,FAQ,2250,2250,2250,23-Jul-19
54,Sholapur,Akluj,Maize,Other,FAQ,2200,2200,2200,12-Jun-19
55,Sholapur,Akluj,Maize,Yellow,FAQ,1850,1920,1880,30-Jan-19
56,Sholapur,Akluj,Maize,Yellow,FAQ,1830,1830,1830,22-Jan-19
57,Sholapur,Akluj,Maize,Other,FAQ,1740,1762,1751,19-Dec-18
58,Sholapur,Akluj,Maize,Other,FAQ,1600,1670,1670,11-Dec-18
59,Sholapur,Akluj,Maize,Other,FAQ,1375,1375,1375,30-Jul-18
60,Sholapur,Akluj,Maize,Other,FAQ,1225,1225,1225,21-Feb-18
61,Sholapur,Akluj,Maize,Yellow,FAQ,1200,1200,1200,30-Jan-18
62,Sholapur,Akluj,Maize,Other,FAQ,1180,1200,1200,16-Jan-18
63,Sholapur,Akluj,Maize,Other,FAQ,1160,1180,1160,8-Jan-18
64,Sholapur,Akluj,Maize,Yellow,FAQ,1200,1200,1200,28-Dec-17
65,Sholapur,Akluj,Maize,Yellow,FAQ,1210,1210,1210,26-Dec-17
66,Sholapur,Akluj,Maize,Other,FAQ,1220,1220,1220,25-Dec-17
67,Sholapur,Akluj,Maize,Other,FAQ,1220,1220,1220,23-Dec-17
68,Sholapur,Akluj,Maize,Yellow,FAQ,1220,1220,1220,18-Dec-17
69,Sholapur,Akluj,Maize,Yellow,FAQ,1085,1085,1085,16-Dec-17
70,Sholapur,Akluj,Maize,Yellow,FAQ,1220,1220,1220,7-Dec-17
71,Sholapur,Akluj,Maize,Other,FAQ,1220,1220,1220,6-Dec-17
72,Sholapur,Akluj,Maize,Other,FAQ,1120,1120,1120,23-Nov-17
73,Sholapur,Akluj,Maize,Yellow,FAQ,1050,1125,1120,18-Nov-17
74,Sholapur,Akluj,Maize,Yellow,FAQ,1100,1100,1100,14-Nov-17
75,Sholapur,Akluj,Maize,Yellow,FAQ,1150,1150,1150,10-Nov-17
76,Sholapur,Akluj,Maize,Yellow,FAQ,1181,1181,1181,8-Nov-17
77,Sholapur,Akluj,Maize,Yellow,FAQ,1171,1171,1171,2-Nov-17
78,Sholapur,Akluj,Maize,Yellow,FAQ,1275,1275,1275,26-Oct-17
79,Sholapur,Akluj,Maize,Yellow,FAQ,1300,1300,1300,24-Oct-17
80,Sholapur,Akluj,Maize,Yellow,FAQ,1325,1325,1325,18-Oct-17
81,Sholapur,Akluj,Maize,Yellow,FAQ,1325,1325,1325,17-Oct-17
82,Sholapur,Akluj,Maize,Yellow,FAQ,1350,1370,1370,12-Oct-17
83,Sholapur,Akluj,Maize,Yellow,FAQ,1320,1320,1320,10-Oct-17
84,Sholapur,Akluj,Maize,Yellow,FAQ,1350,1350,1350,7-Oct-17
85,Sholapur,Akluj,Maize,Yellow,FAQ,1300,1300,1300,29-Sep-17
86,Sholapur,Akluj,Maize,Yellow,FAQ,1350,1350,1350,28-Sep-17
87,Sholapur,Akluj,Maize,Yellow,FAQ,1400,1400,1400,20-Sep-17
88,Sholapur,Akluj,Maize,Yellow,FAQ,1450,1450,1450,12-Sep-17
89,Sholapur,Akluj,Maize,Yellow,FAQ,1450,1450,1450,7-Sep-17
90,Sholapur,Akluj,Maize,Yellow,FAQ,1520,1525,1525,4-Sep-17
91,Sholapur,Akluj,Maize,Yellow,FAQ,1540,1540,1540,28-Aug-17
92,Sholapur,Akluj,Maize,Yellow,FAQ,1510,1530,1525,21-Aug-17
93,Sholapur,Akluj,Maize,Yellow,FAQ,1510,1530,1525,19-Aug-17
94,Sholapur,Akluj,Maize,Yellow,FAQ,1420,1500,1500,16-Aug-17
95,Sholapur,Akluj,Maize,Yellow,FAQ,1510,1510,1510,14-Aug-17
96,Sholapur,Akluj,Maize,Yellow,FAQ,1580,1580,1580,1-Aug-17
97,Sholapur,Akluj,Maize,Yellow,FAQ,1500,1500,1500,31-Jul-17
98,Sholapur,Akluj,Maize,Yellow,FAQ,1525,1550,1550,27-Jul-17
99,Sholapur,Akluj,Maize,Other,FAQ,1525,1550,1550,27-Jul-17
100,Sholapur,Akluj,Maize,Yellow,FAQ,1500,1550,1550,25-Jul-17
101,Sholapur,Akluj,Maize,Yellow,FAQ,1225,1550,1535,21-Jul-17
102,Sholapur,Akluj,Maize,Yellow,FAQ,1515,1515,1515,20-Jul-17
103,Sholapur,Akluj,Maize,Other,FAQ,1515,1515,1515,20-Jul-17
104,Sholapur,Akluj,Maize,Yellow,FAQ,1525,1525,1525,13-Jul-17
105,Sholapur,Akluj,Maize,Yellow,FAQ,1500,1510,1510,12-Jul-17
106,Sholapur,Akluj,Maize,Yellow,FAQ,1530,1530,1530,11-Jul-17
107,Sholapur,Akluj,Maize,Yellow,FAQ,1500,1500,1500,5-Jul-17
108,Sholapur,Akluj,Maize,Other,FAQ,1500,1500,1500,30-Jun-17
109,Sholapur,Akluj,Maize,Yellow,FAQ,1471,1525,1520,27-Jun-17
110,Sholapur,Akluj,Maize,Yellow,FAQ,1500,1500,1500,13-Jun-17
111,Sholapur,Akluj,Maize,Other,FAQ,1445,1445,1445,1-Jun-17
112,Sholapur,Akluj,Maize,Yellow,FAQ,1450,1450,1450,31-May-17
113,Sholapur,Akluj,Maize,Yellow,FAQ,1470,1470,1470,30-May-17
114,Sholapur,Akluj,Maize,Yellow,FAQ,1400,1481,1450,4-May-17
115,Sholapur,Akluj,Maize,Other,FAQ,1410,1471,1420,26-Apr-17
116,Sholapur,Akluj,Maize,Yellow,FAQ,1440,1440,1440,22-Apr-17
117,Sholapur,Akluj,Maize,Yellow,FAQ,1410,1410,1410,19-Apr-17
118,Sholapur,Akluj,Maize,Yellow,FAQ,1410,1410,1410,5-Apr-17
119,Sholapur,Akluj,Maize,Yellow,FAQ,1400,1400,1400,22-Mar-17
120,Sholapur,Akluj,Maize,Yellow,FAQ,1410,1421,1421,7-Mar-17
121,Sholapur,Akluj,Maize,Yellow,FAQ,1410,1410,1410,3-Mar-17
122,Sholapur,Akluj,Maize,Yellow,FAQ,1400,1420,1400,7-Feb-17
123,Sholapur,Akluj,Maize,Yellow,FAQ,1420,1440,1420,6-Feb-17
124,Sholapur,Akluj,Maize,Yellow,FAQ,1370,1420,1400,4-Feb-17
125,Sholapur,Akluj,Maize,Yellow,FAQ,1370,1420,1400,2-Feb-17
126,Sholapur,Akluj,Maize,Yellow,FAQ,1380,1380,1380,1-Feb-17
127,Sholapur,Akluj,Maize,Yellow,FAQ,1390,1390,1390,28-Jan-17
128,Sholapur,Akluj,Maize,Yellow,FAQ,1365,1365,1365,27-Jan-17
129,Sholapur,Akluj,Maize,Yellow,FAQ,1301,1301,1301,24-Jan-17
130,Sholapur,Akluj,Maize,Yellow,FAQ,1350,1350,1350,20-Jan-17
131,Sholapur,Akluj,Maize,Yellow,FAQ,1340,1340,1340,17-Jan-17
132,Sholapur,Akluj,Maize,Yellow,FAQ,1350,1350,1350,13-Jan-17
133,Sholapur,Akluj,Maize,Yellow,FAQ,1310,1350,1350,12-Jan-17
134,Sholapur,Akluj,Maize,Yellow,FAQ,1321,1340,1340,11-Jan-17
135,Sholapur,Akluj,Maize,Yellow,FAQ,1350,1350,1350,10-Jan-17
136,Sholapur,Akluj,Maize,Yellow,FAQ,1300,1365,1365,6-Jan-17
137,Sholapur,Akluj,Maize,Yellow,FAQ,1350,1365,1365,5-Jan-17
138,Sholapur,Akluj,Maize,Yellow,FAQ,1700,1700,1700,17-Aug-16
139,Sholapur,Akluj,Maize,Yellow,FAQ,1700,1790,1790,23-Jul-16
140,Sholapur,Akluj,Maize,Yellow,FAQ,1750,1750,1750,21-Jul-16
141,Sholapur,Akluj,Maize,Yellow,FAQ,1700,1700,1700,14-Jun-16
142,Sholapur,Akluj,Maize,Yellow,FAQ,1705,1705,1705,9-Jun-16
143,Sholapur,Akluj,Maize,Yellow,FAQ,1630,1630,1630,2-Jun-16
144,Sholapur,Akluj,Maize,Yellow,FAQ,1520,1520,1520,25-May-16
145,Sholapur,Akluj,Maize,Yellow,FAQ,1500,1500,1500,19-May-16
146,Sholapur,Akluj,Maize,Yellow,FAQ,1551,1551,1551,17-May-16
147,Sholapur,Akluj,Maize,Yellow,FAQ,1521,1525,1525,7-May-16
148,Sholapur,Akluj,Maize,Yellow,FAQ,1490,1490,1490,26-Apr-16
149,Sholapur,Akluj,Maize,Yellow,FAQ,1425,1425,1425,1-Apr-16
150,Sholapur,Akluj,Maize,Yellow,FAQ,1420,1440,1440,23-Mar-16
151,Sholapur,Akluj,Maize,Yellow,FAQ,1440,1440,1440,18-Mar-16
152,Sholapur,Akluj,Maize,Yellow,FAQ,1410,1430,1430,10-Mar-16
153,Sholapur,Akluj,Maize,Yellow,FAQ,1410,1420,1420,4-Mar-16
154,Sholapur,Akluj,Maize,Yellow,FAQ,1450,1465,1465,13-Feb-16
155,Sholapur,Akluj,Maize,Yellow,FAQ,1450,1450,1450,6-Feb-16
156,Sholapur,Akluj,Maize,Yellow,FAQ,1480,1500,1500,4-Feb-16
157,Sholapur,Akluj,Maize,Yellow,FAQ,1510,1520,1520,19-Jan-16
158,Sholapur,Akluj,Maize,Yellow,FAQ,1500,1520,1520,12-Jan-16
159,Sholapur,Akluj,Maize,Yellow,FAQ,1530,1530,1530,8-Jan-16
160,Sholapur,Akluj,Maize,Yellow,FAQ,1530,1530,1530,6-Jan-16
161,Sholapur,Akluj,Maize,Yellow,FAQ,1500,1530,1530,29-Dec-15
162,Sholapur,Akluj,Maize,Yellow,FAQ,1500,1530,1530,16-Dec-15
163,Sholapur,Akluj,Maize,Yellow,FAQ,1560,1560,1560,9-Dec-15
164,Sholapur,Akluj,Maize,Yellow,FAQ,1505,1505,1505,18-Nov-15
165,Sholapur,Akluj,Maize,Yellow,FAQ,1431,1431,1431,29-Oct-15
166,Sholapur,Akluj,Maize,Yellow,FAQ,1410,1440,1440,27-Oct-15
167,Sholapur,Akluj,Maize,Yellow,FAQ,1400,1410,1410,23-Oct-15
168,Sholapur,Akluj,Maize,Yellow,FAQ,1350,1350,1350,21-Oct-15
169,Sholapur,Akluj,Maize,Yellow,FAQ,1551,1551,1551,29-Sep-15
170,Sholapur,Akluj,Maize,Yellow,FAQ,1560,1560,1560,25-Sep-15
171,Sholapur,Akluj,Maize,Yellow,FAQ,1541,1541,1541,23-Sep-15
172,Sholapur,Akluj,Maize,Yellow,FAQ,1610,1610,1610,27-Aug-15
173,Sholapur,Akluj,Maize,Yellow,FAQ,1425,1425,1425,5-Aug-15
174,Sholapur,Akluj,Maize,Yellow,FAQ,1425,1425,1425,4-Aug-15
175,Sholapur,Akluj,Maize,Yellow,FAQ,1502,1502,1502,23-Jul-15
176,Sholapur,Akluj,Maize,Yellow,FAQ,1430,1450,1450,17-Jul-15
177,Sholapur,Akluj,Maize,Yellow,FAQ,1430,1430,1430,15-Jul-15
178,Sholapur,Akluj,Maize,Yellow,FAQ,1350,1350,1350,3-Jul-15
179,Sholapur,Akluj,Maize,Yellow,FAQ,1351,1351,1351,1-Jul-15
180,Sholapur,Akluj,Maize,Yellow,FAQ,1350,1350,1350,24-Jun-15
181,Sholapur,Akluj,Maize,Yellow,FAQ,1310,1340,1340,17-Jun-15
182,Sholapur,Akluj,Maize,Yellow,FAQ,1320,1320,1320,10-Jun-15
183,Sholapur,Akluj,Maize,Yellow,FAQ,1310,1310,1310,6-Jun-15
184,Sholapur,Akluj,Maize,Yellow,FAQ,1310,1310,1310,26-May-15
185,Sholapur,Akluj,Maize,Yellow,FAQ,1310,1310,1310,14-May-15
186,Sholapur,Akluj,Maize,Yellow,FAQ,1310,1310,1310,13-May-15
187,Sholapur,Akluj,Maize,Yellow,FAQ,1310,1325,1310,25-Apr-15
188,Sholapur,Akluj,Maize,Yellow,FAQ,1360,1360,1360,23-Apr-15
189,Sholapur,Akluj,Maize,Yellow,FAQ,1350,1350,1350,16-Apr-15
190,Sholapur,Akluj,Maize,Yellow,FAQ,1310,1331,1331,9-Apr-15
191,Sholapur,Akluj,Maize,Yellow,FAQ,1351,1351,1351,24-Mar-15
192,Sholapur,Akluj,Maize,Yellow,FAQ,1310,1310,1310,19-Mar-15
193,Sholapur,Akluj,Maize,Yellow,FAQ,1310,1450,1400,18-Sep-14
194,Sholapur,Akluj,Maize,Yellow,FAQ,1410,1440,1430,2-Sep-14
195,Sholapur,Akluj,Maize,Yellow,FAQ,1425,1425,1425,27-Aug-14
196,Sholapur,Akluj,Maize,Yellow,FAQ,1375,1375,1375,23-Aug-14
197,Sholapur,Akluj,Maize,Yellow,FAQ,1341,1431,1431,19-Aug-14
198,Sholapur,Akluj,Maize,Other,FAQ,1351,1426,1426,24-Jul-14
199,Sholapur,Akluj,Maize,Other,FAQ,1360,1426,1426,23-Jul-14
200,Sholapur,Akluj,Maize,Other,FAQ,1400,1410,1410,11-Jul-14
201,Sholapur,Akluj,Maize,Yellow,FAQ,1421,1421,1421,8-Jul-14
202,Sholapur,Akluj,Maize,Yellow,FAQ,1330,1390,1350,24-Jun-14
203,Sholapur,Akluj,Maize,Yellow,FAQ,1350,1350,1350,21-Jun-14
204,Sholapur,Akluj,Maize,Other,FAQ,1315,1340,1330,17-Jun-14
205,Sholapur,Akluj,Maize,Other,FAQ,1311,1340,1335,11-Jun-14
206,Sholapur,Akluj,Maize,Other,FAQ,1362,1362,1362,10-Jun-14
207,Sholapur,Akluj,Maize,Yellow,FAQ,1310,1310,1310,23-Oct-13
208,Sholapur,Akluj,Maize,Other,FAQ,1550,1600,1596,9-Jul-13
209,Sholapur,Akluj,Maize,Other,FAQ,1550,1550,1550,2-Jul-13
210,Sholapur,Akluj,Maize,Other,FAQ,1530,1551,1541,28-Jun-13
211,Sholapur,Akluj,Maize,Other,FAQ,1400,1430,1410,25-Jun-13
212,Sholapur,Akluj,Maize,Other,FAQ,1500,1500,1500,21-Jun-13
213,Sholapur,Akluj,Maize,Other,FAQ,1480,1480,1480,20-Jun-13
214,Sholapur,Akluj,Maize,Other,FAQ,1450,1530,1510,18-Jun-13
215,Sholapur,Akluj,Maize,Other,FAQ,1479,1490,1490,11-Jun-13
216,Sholapur,Akluj,Maize,Other,FAQ,1400,1500,1488,4-Jun-13
217,Sholapur,Akluj,Maize,Other,FAQ,1422,1422,1422,31-May-13
218,Sholapur,Akluj,Maize,Other,FAQ,1400,1432,1432,28-May-13
219,Sholapur,Akluj,Maize,Other,FAQ,1340,1351,1351,24-May-13
220,Sholapur,Akluj,Maize,Other,FAQ,1311,1344,1344,21-May-13
221,Sholapur,Akluj,Maize,Other,FAQ,1275,1300,1290,16-May-13
222,Sholapur,Akluj,Maize,Other,FAQ,1300,1305,1300,14-May-13
223,Sholapur,Akluj,Maize,Other,FAQ,1281,1301,1301,10-May-13
224,Sholapur,Akluj,Maize,Other,FAQ,1229,1307,1301,7-May-13
225,Sholapur,Akluj,Maize,Other,FAQ,1271,1307,1300,3-May-13
226,Sholapur,Akluj,Maize,Other,FAQ,1175,1306,1306,30-Apr-13
227,Sholapur,Akluj,Maize,Other,FAQ,1290,1310,1306,26-Apr-13
228,Sholapur,Akluj,Maize,Other,FAQ,1350,1351,1351,16-Apr-13
229,Sholapur,Akluj,Maize,Other,FAQ,1351,1355,1351,12-Apr-13
230,Sholapur,Akluj,Maize,Other,FAQ,1345,1360,1360,9-Apr-13
231,Sholapur,Akluj,Maize,Other,FAQ,1331,1345,1345,4-Apr-13
232,Sholapur,Akluj,Maize,Other,FAQ,1320,1341,1330,2-Apr-13
233,Sholapur,Akluj,Maize,Other,FAQ,1300,1320,1320,29-Mar-13
234,Sholapur,Akluj,Maize,Other,FAQ,1340,1345,1341,26-Mar-13
235,Sholapur,Akluj,Maize,Other,FAQ,1320,1330,1330,21-Mar-13
236,Sholapur,Akluj,Maize,Other,FAQ,1340,1365,1340,15-Mar-13
237,Sholapur,Akluj,Maize,Other,FAQ,1360,1390,1370,14-Mar-13
238,Sholapur,Akluj,Maize,Other,FAQ,1360,1405,1380,12-Mar-13
239,Sholapur,Akluj,Maize,Other,FAQ,1650,1665,1660,7-Mar-13
240,Sholapur,Akluj,Maize,Other,FAQ,1350,1370,1365,5-Mar-13
241,Sholapur,Akluj,Maize,Other,FAQ,1350,1365,1350,27-Feb-13
242,Sholapur,Akluj,Maize,Other,FAQ,1335,1365,1350,26-Feb-13
243,Sholapur,Akluj,Maize,Other,FAQ,1340,1351,1345,22-Feb-13
244,Sholapur,Akluj,Maize,Other,FAQ,1333,1350,1341,20-Feb-13
245,Sholapur,Akluj,Maize,Other,FAQ,1301,1340,1335,18-Feb-13
246,Sholapur,Akluj,Maize,Other,FAQ,1341,1350,1350,14-Feb-13
247,Sholapur,Akluj,Maize,Other,FAQ,1340,1360,1350,12-Feb-13
248,Sholapur,Akluj,Maize,Other,FAQ,1350,1360,1360,8-Feb-13
249,Sholapur,Akluj,Maize,Other,FAQ,1360,1370,1370,5-Feb-13
250,Sholapur,Akluj,Maize,Other,FAQ,1350,1390,1375,1-Feb-13
251,Sholapur,Akluj,Maize,Other,FAQ,1400,1411,1400,29-Jan-13
252,Sholapur,Akluj,Maize,Other,FAQ,1390,1411,1401,25-Jan-13
253,Sholapur,Akluj,Maize,Other,FAQ,1380,1411,1407,22-Jan-13
254,Sholapur,Akluj,Maize,Other,FAQ,1400,1409,1405,17-Jan-13
255,Sholapur,Akluj,Maize,Other,FAQ,1321,1410,1408,15-Jan-13
256,Sholapur,Akluj,Maize,Other,FAQ,1390,1410,1401,11-Jan-13
257,Sholapur,Akluj,Maize,Other,FAQ,1400,1411,1410,8-Jan-13
258,Sholapur,Akluj,Maize,Other,FAQ,1400,1400,1400,4-Jan-13
259,Sholapur,Akluj,Maize,Other,FAQ,1361,1400,1400,1-Jan-13
260,Sholapur,Akluj,Maize,Other,FAQ,1380,1400,1390,26-Dec-12
261,Sholapur,Akluj,Maize,Other,FAQ,1386,1420,1400,25-Dec-12
262,Sholapur,Akluj,Maize,Other,FAQ,1400,1400,1400,21-Dec-12
263,Sholapur,Akluj,Maize,Other,FAQ,1390,1405,1405,13-Dec-12
264,Sholapur,Akluj,Maize,Other,FAQ,1397,1403,1402,11-Dec-12
265,Sholapur,Akluj,Maize,Other,FAQ,1370,1400,1380,8-Dec-12
266,Sholapur,Akluj,Maize,Other,FAQ,1325,1325,1325,4-Dec-12
267,Sholapur,Akluj,Maize,Other,FAQ,1255,1261,1261,9-Nov-12
268,Sholapur,Akluj,Maize,Other,FAQ,1201,1291,1272,6-Nov-12
269,Sholapur,Akluj,Maize,Other,FAQ,1270,1300,1280,30-Oct-12
270,Sholapur,Akluj,Maize,Other,FAQ,1351,1400,1390,26-Oct-12
271,Sholapur,Akluj,Maize,Other,FAQ,1400,1425,1410,23-Oct-12
272,Sholapur,Akluj,Maize,Other,FAQ,1425,1425,1425,18-Oct-12
273,Sholapur,Akluj,Maize,Other,FAQ,1275,1435,1435,9-Oct-12
274,Sholapur,Akluj,Maize,Other,FAQ,1275,1435,1435,4-Oct-12
275,Sholapur,Akluj,Maize,Other,FAQ,1376,1400,1400,28-Sep-12
276,Sholapur,Akluj,Maize,Other,FAQ,1445,1460,1450,20-Sep-12
277,Sholapur,Akluj,Maize,Other,FAQ,1475,1500,1496,18-Sep-12
278,Sholapur,Akluj,Maize,Other,FAQ,1550,1560,1550,13-Sep-12
279,Sholapur,Akluj,Maize,Other,FAQ,1500,1502,1500,28-Aug-12
280,Sholapur,Akluj,Maize,Other,FAQ,1401,1401,1401,16-Aug-12
281,Sholapur,Akluj,Maize,Other,FAQ,1430,1430,1430,14-Aug-12
282,Sholapur,Akluj,Maize,Other,FAQ,1400,1400,1400,7-Aug-12
283,Sholapur,Akluj,Maize,Other,FAQ,1400,1500,1500,3-Aug-12
284,Sholapur,Akluj,Maize,Other,FAQ,1250,1250,1250,21-Jul-12
285,Sholapur,Akluj,Maize,Other,FAQ,1400,1400,1400,18-Jul-12
286,Sholapur,Akluj,Maize,Other,FAQ,1387,1387,1387,17-Jul-12
287,Sholapur,Akluj,Maize,Other,FAQ,1387,1387,1387,13-Jul-12
288,Sholapur,Akluj,Maize,Other,FAQ,1300,1346,1346,10-Jul-12
289,Sholapur,Akluj,Maize,Other,FAQ,1270,1270,1270,5-Jul-12
290,Sholapur,Akluj,Maize,Other,FAQ,1250,1250,1250,22-Jun-12
291,Sholapur,Akluj,Maize,Other,FAQ,1211,1270,1221,19-Jun-12
292,Sholapur,Akluj,Maize,Other,FAQ,1165,1165,1165,13-Jun-12
293,Sholapur,Akluj,Maize,Other,FAQ,1160,1190,1170,12-Jun-12
294,Sholapur,Akluj,Maize,Other,FAQ,1100,1176,1176,7-Jun-12
295,Sholapur,Akluj,Maize,Other,FAQ,1100,1176,1165,5-Jun-12
296,Sholapur,Akluj,Maize,Other,FAQ,1138,1138,1138,29-May-12
297,Sholapur,Akluj,Maize,Other,FAQ,1150,1160,1150,22-May-12
298,Sholapur,Akluj,Maize,Other,FAQ,1125,1125,1125,15-May-12
299,Sholapur,Akluj,Maize,Other,FAQ,1165,1165,1165,11-May-12
300,Sholapur,Akluj,Maize,Other,FAQ,1190,1215,1211,20-Apr-12
301,Sholapur,Akluj,Maize,Other,FAQ,1238,1238,1238,10-Apr-12
302,Sholapur,Akluj,Maize,Other,FAQ,1200,1221,1221,3-Apr-12
303,Sholapur,Akluj,Maize,Other,FAQ,1140,1160,1160,29-Mar-12
304,Sholapur,Akluj,Maize,Other,FAQ,1140,1140,1140,27-Mar-12
305,Sholapur,Akluj,Maize,Other,FAQ,1161,1161,1161,23-Mar-12
306,Sholapur,Akluj,Maize,Other,FAQ,1160,1175,1175,22-Mar-12
307,Sholapur,Akluj,Maize,Other,FAQ,1176,1180,1180,15-Mar-12
308,Sholapur,Akluj,Maize,Other,FAQ,1105,1210,1180,6-Mar-12
309,Sholapur,Akluj,Maize,Other,FAQ,1201,1201,1201,2-Mar-12
310,Sholapur,Akluj,Maize,Other,FAQ,1181,1200,1200,21-Feb-12
311,Sholapur,Akluj,Maize,Other,FAQ,1150,1180,1180,14-Feb-12
312,Sholapur,Akluj,Maize,Other,FAQ,1161,1196,1185,9-Feb-12
313,Sholapur,Akluj,Maize,Other,FAQ,1171,1171,1171,3-Feb-12
314,Sholapur,Akluj,Maize,Other,FAQ,1180,1200,1180,31-Jan-12
315,Sholapur,Akluj,Maize,Other,FAQ,1150,1175,1150,27-Jan-12
316,Sholapur,Akluj,Maize,Other,FAQ,1151,1180,1180,24-Jan-12
317,Sholapur,Akluj,Maize,Other,FAQ,1200,1201,1200,19-Jan-12
318,Sholapur,Akluj,Maize,Other,FAQ,1200,1215,1215,17-Jan-12
319,Sholapur,Akluj,Maize,Other,FAQ,1210,1210,1210,12-Jan-12
320,Sholapur,Akluj,Maize,Other,FAQ,1225,1230,1227,10-Jan-12
321,Sholapur,Akluj,Maize,Other,FAQ,1175,1175,1175,6-Jan-12
322,Sholapur,Akluj,Maize,Other,FAQ,1145,1156,1150,27-Dec-11
323,Sholapur,Akluj,Maize,Other,FAQ,1055,1160,1090,22-Dec-11
324,Sholapur,Akluj,Maize,Other,FAQ,1078,1090,1080,20-Dec-11
325,Sholapur,Akluj,Maize,Other,FAQ,1030,1050,1040,15-Dec-11
326,Sholapur,Akluj,Maize,Other,FAQ,1021,1055,1040,13-Dec-11
327,Sholapur,Akluj,Maize,Other,FAQ,1025,1025,1025,9-Dec-11
328,Sholapur,Akluj,Maize,Other,FAQ,1000,1050,1021,6-Dec-11
329,Sholapur,Akluj,Maize,Other,FAQ,1015,1030,1030,2-Dec-11
330,Sholapur,Akluj,Maize,Other,FAQ,1020,1041,1030,29-Nov-11
331,Sholapur,Akluj,Maize,Other,FAQ,1020,1030,1030,24-Nov-11
332,Sholapur,Akluj,Maize,Other,FAQ,1001,1025,1015,22-Nov-11
333,Sholapur,Akluj,Maize,Other,FAQ,1061,1061,1061,15-Nov-11
334,Sholapur,Akluj,Maize,Other,FAQ,1051,1071,1060,12-Nov-11
335,Sholapur,Akluj,Maize,Other,FAQ,1070,1090,1090,9-Nov-11
336,Sholapur,Akluj,Maize,Other,FAQ,1090,1100,1100,8-Nov-11
337,Sholapur,Akluj,Maize,Other,FAQ,1030,1050,1050,20-Oct-11
338,Sholapur,Akluj,Maize,Other,FAQ,1035,1075,1051,18-Oct-11
339,Sholapur,Akluj,Maize,Other,FAQ,1026,1061,1051,11-Oct-11
340,Sholapur,Akluj,Maize,Other,FAQ,1000,1100,1075,7-Oct-11
341,Sholapur,Akluj,Maize,Other,FAQ,1050,1110,1100,4-Oct-11
342,Sholapur,Akluj,Maize,Other,FAQ,1111,1135,1125,29-Sep-11
343,Sholapur,Akluj,Maize,Other,FAQ,1115,1141,1135,27-Sep-11
344,Sholapur,Akluj,Maize,Other,FAQ,1171,1175,1175,22-Sep-11
345,Sholapur,Akluj,Maize,Other,FAQ,1182,1182,1182,20-Sep-11
346,Sholapur,Akluj,Maize,Other,FAQ,1125,1151,1151,17-Sep-11
347,Sholapur,Akluj,Maize,Other,FAQ,1180,1180,1180,14-Sep-11
348,Sholapur,Akluj,Maize,Other,FAQ,1151,1151,1151,13-Sep-11
349,Sholapur,Akluj,Maize,Other,FAQ,1180,1180,1180,30-Aug-11
350,Sholapur,Akluj,Maize,Other,FAQ,1255,1255,1255,23-Aug-11
351,Sholapur,Akluj,Maize,Other,FAQ,1250,1250,1250,18-Aug-11
352,Sholapur,Akluj,Maize,Other,FAQ,1250,1250,1250,5-Aug-11
353,Sholapur,Akluj,Maize,Other,FAQ,1251,1251,1251,2-Aug-11
354,Sholapur,Akluj,Maize,Other,FAQ,1225,1225,1225,26-Jul-11
355,Sholapur,Akluj,Maize,Other,FAQ,1225,1225,1225,22-Jul-11
356,Sholapur,Akluj,Maize,Other,FAQ,1201,1211,1211,14-Jul-11
357,Sholapur,Akluj,Maize,Other,FAQ,1125,1221,1211,12-Jul-11
358,Sholapur,Akluj,Maize,Other,FAQ,1211,1230,1220,5-Jul-11
359,Sholapur,Akluj,Maize,Other,FAQ,1210,1225,1220,28-Jun-11
360,Sholapur,Akluj,Maize,Other,FAQ,1100,1230,1225,23-Jun-11
361,Sholapur,Akluj,Maize,Other,FAQ,1210,1210,1210,22-Jun-11
362,Sholapur,Akluj,Maize,Other,FAQ,1210,1250,1225,21-Jun-11
363,Sholapur,Akluj,Maize,Other,FAQ,1180,1180,1180,14-Jun-11
364,Sholapur,Akluj,Maize,Other,FAQ,1170,1200,1200,9-Jun-11
365,Sholapur,Akluj,Maize,Other,FAQ,1120,1225,1180,7-Jun-11
366,Sholapur,Akluj,Maize,Other,FAQ,1200,1221,1211,2-Jun-11
367,Sholapur,Akluj,Maize,Other,FAQ,1201,1221,1221,31-May-11
368,Sholapur,Akluj,Maize,Other,FAQ,1170,1180,1180,28-May-11
369,Sholapur,Akluj,Maize,Other,FAQ,1165,1175,1175,24-May-11
370,Sholapur,Akluj,Maize,Other,FAQ,1165,1195,1191,20-May-11
371,Sholapur,Akluj,Maize,Other,FAQ,1150,1230,1175,17-May-11
372,Sholapur,Akluj,Maize,Other,FAQ,1201,1215,1215,12-May-11
373,Sholapur,Akluj,Maize,Other,FAQ,1151,1201,1200,10-May-11
374,Sholapur,Akluj,Maize,Other,FAQ,1150,1235,1215,3-May-11
375,Sholapur,Akluj,Maize,Other,FAQ,1255,1281,1280,30-Apr-11
376,Sholapur,Akluj,Maize,Yellow,FAQ,1000,1255,1200,29-Apr-11
377,Sholapur,Akluj,Maize,Yellow,FAQ,1050,1250,1150,28-Apr-11
378,Sholapur,Akluj,Maize,Other,FAQ,1275,1275,1275,28-Apr-11
379,Sholapur,Akluj,Maize,Other,FAQ,1275,1285,1285,26-Apr-11
380,Sholapur,Akluj,Maize,Other,FAQ,1231,1280,1280,22-Apr-11
381,Sholapur,Akluj,Maize,Other,FAQ,1200,1285,1280,19-Apr-11
382,Sholapur,Akluj,Maize,Other,FAQ,1200,1275,1250,15-Apr-11
383,Sholapur,Akluj,Maize,Other,FAQ,1213,1250,1240,13-Apr-11
384,Sholapur,Akluj,Maize,Other,FAQ,1211,1211,1211,8-Apr-11
385,Sholapur,Akluj,Maize,Other,FAQ,1100,1211,1205,5-Apr-11
386,Sholapur,Akluj,Maize,Other,FAQ,1180,1200,1180,1-Apr-11
387,Sholapur,Akluj,Maize,Other,FAQ,1175,1200,1190,29-Mar-11
388,Sholapur,Akluj,Maize,Other,FAQ,1100,1190,1180,25-Mar-11
389,Sholapur,Akluj,Maize,Other,FAQ,1131,1190,1160,22-Mar-11
390,Sholapur,Akluj,Maize,Other,FAQ,1135,1175,1165,19-Mar-11
391,Sholapur,Akluj,Maize,Other,FAQ,1115,1140,1135,15-Mar-11
392,Sholapur,Akluj,Maize,Other,FAQ,1076,1076,1076,8-Mar-11
393,Sholapur,Akluj,Maize,Other,FAQ,1050,1071,1071,4-Mar-11
394,Sholapur,Akluj,Maize,Other,FAQ,1040,1070,1070,1-Mar-11
395,Sholapur,Akluj,Maize,Other,FAQ,951,1048,1045,22-Feb-11
396,Sholapur,Akluj,Maize,Other,FAQ,1000,1000,1000,17-Feb-11
397,Sholapur,Akluj,Maize,Other,FAQ,981,1029,1015,15-Feb-11
398,Sholapur,Akluj,Maize,Other,FAQ,990,1025,1010,8-Feb-11
399,Sholapur,Akluj,Maize,Other,FAQ,975,1000,1000,4-Feb-11
400,Sholapur,Akluj,Maize,Other,FAQ,911,1011,1000,1-Feb-11
401,Sholapur,Akluj,Maize,Other,FAQ,900,1030,1000,28-Jan-11
402,Sholapur,Akluj,Maize,Other,FAQ,980,1030,1011,25-Jan-11
403,Sholapur,Akluj,Maize,Other,FAQ,985,1000,1000,21-Jan-11
404,Sholapur,Akluj,Maize,Other,FAQ,911,1001,1000,18-Jan-11
405,Sholapur,Akluj,Maize,Other,FAQ,970,990,980,13-Jan-11
406,Sholapur,Akluj,Maize,Other,FAQ,941,1001,980,11-Jan-11
407,Sholapur,Akluj,Maize,Other,FAQ,905,960,960,6-Jan-11
408,Sholapur,Akluj,Maize,Other,FAQ,921,980,960,4-Jan-11
409,Sholapur,Akluj,Maize,Other,FAQ,921,931,927,30-Dec-10
410,Sholapur,Akluj,Maize,Other,FAQ,900,938,935,28-Dec-10
411,Sholapur,Akluj,Maize,Other,FAQ,890,931,921,24-Dec-10
412,Sholapur,Akluj,Maize,Other,FAQ,900,931,920,21-Dec-10
413,Sholapur,Akluj,Maize,Other,FAQ,875,910,905,16-Dec-10
414,Sholapur,Akluj,Maize,Other,FAQ,890,916,915,14-Dec-10
415,Sholapur,Akluj,Maize,Other,FAQ,912,931,920,9-Dec-10
416,Sholapur,Akluj,Maize,Other,FAQ,895,931,921,7-Dec-10
417,Sholapur,Akluj,Maize,Other,FAQ,900,930,925,2-Dec-10
418,Sholapur,Akluj,Maize,Other,FAQ,905,930,923,30-Nov-10
419,Sholapur,Akluj,Maize,Other,FAQ,880,925,915,24-Nov-10
420,Sholapur,Akluj,Maize,Other,FAQ,880,925,920,20-Nov-10
421,Sholapur,Akluj,Maize,Other,FAQ,876,915,910,18-Nov-10
422,Sholapur,Akluj,Maize,Other,FAQ,890,935,925,26-Oct-10
423,Sholapur,Akluj,Maize,Other,FAQ,890,936,932,21-Oct-10
424,Sholapur,Akluj,Maize,Other,FAQ,880,934,930,19-Oct-10
425,Sholapur,Akluj,Maize,Other,FAQ,875,927,925,16-Oct-10
426,Sholapur,Akluj,Maize,Other,FAQ,900,931,920,14-Oct-10
427,Sholapur,Akluj,Maize,Other,FAQ,881,951,951,12-Oct-10
428,Sholapur,Akluj,Maize,Other,FAQ,951,1035,1021,7-Oct-10
429,Sholapur,Akluj,Maize,Other,FAQ,901,1050,1035,5-Oct-10
430,Sholapur,Akluj,Maize,Other,FAQ,1100,1151,1151,30-Sep-10
431,Sholapur,Akluj,Maize,Other,FAQ,1181,1261,1241,28-Sep-10
432,Sholapur,Akluj,Maize,Other,FAQ,961,1262,1211,21-Sep-10
433,Sholapur,Akluj,Maize,Other,FAQ,1075,1151,1151,14-Sep-10
434,Sholapur,Akluj,Maize,Other,FAQ,1100,1146,1146,7-Sep-10
435,Sholapur,Akluj,Maize,Other,FAQ,1051,1077,1077,2-Sep-10
436,Sholapur,Akluj,Maize,Other,FAQ,1053,1053,1053,17-Aug-10
437,Sholapur,Akluj,Maize,Other,FAQ,1040,1040,1040,10-Aug-10
438,Sholapur,Akluj,Maize,Other,FAQ,1000,1100,1100,3-Aug-10
439,Sholapur,Akluj,Maize,Other,FAQ,1051,1111,1111,31-Jul-10
440,Sholapur,Akluj,Maize,Other,FAQ,1105,1111,1111,23-Jul-10
441,Sholapur,Akluj,Maize,Other,FAQ,1066,1100,1100,20-Jul-10
442,Sholapur,Akluj,Maize,Other,FAQ,940,1085,1001,13-Jul-10
443,Sholapur,Akluj,Maize,Other,FAQ,1025,1025,1025,8-Jul-10
444,Sholapur,Akluj,Maize,Other,FAQ,990,1011,1011,3-Jul-10
445,Sholapur,Akluj,Maize,Other,FAQ,1002,1002,1002,1-Jul-10
446,Sholapur,Akluj,Maize,Other,FAQ,990,1005,1000,29-Jun-10
447,Sholapur,Akluj,Maize,Other,FAQ,1000,1000,1000,22-Jun-10
448,Sholapur,Akluj,Maize,Other,FAQ,990,1005,1005,15-Jun-10
449,Sholapur,Akluj,Maize,Other,FAQ,975,1000,1000,10-Jun-10
450,Sholapur,Akluj,Maize,Other,FAQ,950,1004,998,8-Jun-10
451,Sholapur,Akluj,Maize,Other,FAQ,961,989,989,3-Jun-10
452,Sholapur,Akluj,Maize,Other,FAQ,942,978,961,1-Jun-10
453,Sholapur,Akluj,Maize,Other,FAQ,920,951,945,25-May-10
454,Sholapur,Akluj,Maize,Other,FAQ,881,936,921,21-May-10
455,Sholapur,Akluj,Maize,Other,FAQ,881,921,911,18-May-10
456,Sholapur,Akluj,Maize,Other,FAQ,860,889,880,14-May-10
457,Sholapur,Akluj,Maize,Other,FAQ,860,886,881,11-May-10
458,Sholapur,Akluj,Maize,Other,FAQ,840,865,862,7-May-10
459,Sholapur,Akluj,Maize,Other,FAQ,850,861,860,4-May-10
460,Sholapur,Akluj,Maize,Other,FAQ,850,865,865,29-Apr-10
461,Sholapur,Akluj,Maize,Other,FAQ,855,865,861,24-Apr-10
462,Sholapur,Akluj,Maize,Other,FAQ,860,870,867,17-Apr-10
463,Sholapur,Akluj,Maize,Other,FAQ,840,875,870,16-Apr-10
464,Sholapur,Akluj,Maize,Other,FAQ,870,880,870,10-Apr-10
465,Sholapur,Akluj,Maize,Other,FAQ,855,880,875,8-Apr-10
466,Sholapur,Akluj,Maize,Other,FAQ,865,880,875,6-Apr-10
467,Sholapur,Akluj,Maize,Other,FAQ,870,881,880,1-Apr-10
468,Sholapur,Akluj,Maize,Other,FAQ,870,875,872,23-Mar-10
469,Sholapur,Akluj,Maize,Other,FAQ,850,880,870,20-Mar-10
470,Sholapur,Akluj,Maize,Other,FAQ,865,880,870,18-Mar-10
471,Sholapur,Akluj,Maize,Other,FAQ,875,880,880,16-Mar-10
472,Sholapur,Akluj,Maize,Other,FAQ,850,865,865,29-Jan-10
473,Sholapur,Akluj,Maize,Other,FAQ,850,870,870,21-Jan-10
474,Sholapur,Akluj,Maize,Other,FAQ,840,872,870,19-Jan-10
475,Sholapur,Akluj,Maize,Other,FAQ,855,875,870,8-Jan-10
476,Sholapur,Akluj,Maize,Yellow,FAQ,840,881,880,5-Jan-10
